98.697	0.375	0.928	99.382	0.194	0.424	98.535	0.674	0.791	98.889	0.274	0.837	98.814	0.310	0.875
98.786	0.343	0.871	99.417	0.183	0.400	98.605	0.670	0.725	98.993	0.254	0.754	98.911	0.298	0.791
98.887	0.310	0.803	99.461	0.173	0.366	98.664	0.666	0.670	99.090	0.229	0.681	99.013	0.281	0.707
98.996	0.288	0.717	99.509	0.160	0.331	98.722	0.662	0.616	99.212	0.218	0.570	99.127	0.269	0.604
99.069	0.264	0.667	99.531	0.150	0.319	98.813	0.647	0.540	99.340	0.205	0.456	99.261	0.253	0.486
99.101	0.242	0.657	99.566	0.141	0.294	98.868	0.635	0.497	99.437	0.197	0.366	99.374	0.242	0.385
99.146	0.220	0.634	99.597	0.127	0.276	98.896	0.626	0.477	99.477	0.194	0.330	99.426	0.233	0.341
99.212	0.198	0.589	99.628	0.118	0.254	98.911	0.621	0.468	99.501	0.191	0.309	99.442	0.229	0.329
99.254	0.185	0.562	99.646	0.115	0.240	98.916	0.626	0.458	99.519	0.191	0.290	99.447	0.222	0.331
99.281	0.174	0.546	99.655	0.111	0.234	98.927	0.627	0.447	99.537	0.191	0.273	99.453	0.216	0.331
99.317	0.163	0.520	99.659	0.110	0.231	98.919	0.630	0.451	99.561	0.189	0.250	99.461	0.214	0.326
99.334	0.159	0.507	99.665	0.107	0.228	98.913	0.636	0.451	99.581	0.188	0.231	99.470	0.213	0.317
99.355	0.157	0.488	99.662	0.107	0.231	98.918	0.642	0.439	99.590	0.188	0.222	99.478	0.213	0.309
99.382	0.155	0.462	99.662	0.108	0.230	98.928	0.649	0.424	99.601	0.188	0.210	99.477	0.215	0.309
99.406	0.156	0.439	99.665	0.110	0.225	98.918	0.660	0.422	99.603	0.189	0.208	99.483	0.218	0.300
99.427	0.152	0.421	99.665	0.111	0.224	98.908	0.662	0.430	99.600	0.190	0.210	99.479	0.219	0.302
99.440	0.146	0.413	99.659	0.110	0.231	98.897	0.660	0.443	99.593	0.189	0.218	99.468	0.218	0.315
99.417	0.145	0.438	99.656	0.111	0.233	98.882	0.660	0.458	99.588	0.190	0.222	99.455	0.218	0.328
99.388	0.143	0.469	99.644	0.112	0.245	98.866	0.660	0.473	99.579	0.194	0.227	99.442	0.219	0.339
99.368	0.142	0.490	99.626	0.113	0.260	98.858	0.663	0.478	99.569	0.198	0.232	99.430	0.221	0.348
99.342	0.145	0.514	99.608	0.117	0.275	98.835	0.669	0.496	99.550	0.202	0.248	99.419	0.225	0.356
99.294	0.147	0.559	99.580	0.122	0.298	98.829	0.670	0.501	99.526	0.205	0.269	99.404	0.232	0.363
99.224	0.149	0.626	99.548	0.129	0.324	98.809	0.676	0.515	99.499	0.207	0.294	99.384	0.238	0.378
99.108	0.154	0.737	99.490	0.138	0.372	98.771	0.690	0.539	99.477	0.212	0.311	99.360	0.245	0.395
98.997	0.159	0.843	99.439	0.155	0.406	98.709	0.705	0.587	99.436	0.221	0.343	99.306	0.257	0.437
98.923	0.176	0.901	99.395	0.168	0.437	98.649	0.715	0.636	99.334	0.227	0.439	99.205	0.275	0.520
98.809	0.204	0.987	99.355	0.185	0.461	98.546	0.734	0.720	99.223	0.234	0.543	99.086	0.295	0.619
98.681	0.229	1.090	99.305	0.204	0.492	98.459	0.746	0.794	99.126	0.244	0.630	98.977	0.310	0.713
98.583	0.256	1.161	99.254	0.227	0.518	98.387	0.767	0.845	99.040	0.256	0.705	98.878	0.327	0.796
98.511	0.293	1.196	99.219	0.251	0.530	98.318	0.777	0.905	98.953	0.276	0.771	98.763	0.343	0.894
99.157	0.198	0.645	98.816	0.246	0.938	98.717	0.441	0.843	99.330	0.206	0.464	99.509	0.237	0.254
99.266	0.180	0.553	98.907	0.218	0.875	98.810	0.428	0.762	99.388	0.199	0.414	99.521	0.235	0.244
99.329	0.170	0.501	98.995	0.197	0.808	98.911	0.409	0.680	99.435	0.188	0.377	99.556	0.223	0.222
99.408	0.155	0.437	99.080	0.181	0.739	99.006	0.401	0.594	99.477	0.179	0.344	99.554	0.230	0.216
99.509	0.143	0.349	99.207	0.163	0.630	99.120	0.395	0.485	99.538	0.171	0.291	99.582	0.226	0.192
99.592	0.135	0.273	99.309	0.150	0.541	99.206	0.395	0.400	99.577	0.165	0.258	99.588	0.231	0.181
99.632	0.124	0.244	99.350	0.147	0.503	99.255	0.392	0.353	99.611	0.157	0.233	99.599	0.224	0.177
99.659	0.114	0.227	99.376	0.142	0.482	99.281	0.389	0.330	99.633	0.148	0.219	99.600	0.225	0.174
99.680	0.107	0.213	99.414	0.138	0.448	99.288	0.386	0.326	99.649	0.147	0.204	99.600	0.226	0.174
99.695	0.102	0.203	99.449	0.136	0.416	99.304	0.387	0.310	99.659	0.146	0.195	99.597	0.230	0.174
99.708	0.098	0.194	99.483	0.134	0.383	99.318	0.388	0.294	99.669	0.144	0.187	99.598	0.231	0.171
99.719	0.096	0.185	99.504	0.132	0.363	99.320	0.391	0.289	99.678	0.144	0.178	99.594	0.234	0.172
99.735	0.096	0.169	99.516	0.131	0.352	99.319	0.395	0.286	99.684	0.144	0.172	99.589	0.236	0.175
99.741	0.096	0.163	99.535	0.131	0.334	99.314	0.399	0.288	99.693	0.146	0.162	99.585	0.238	0.177
99.753	0.097	0.149	99.534	0.132	0.334	99.302	0.404	0.294	99.693	0.148	0.159	99.580	0.242	0.178
99.766	0.097	0.137	99.533	0.132	0.335	99.289	0.405	0.305	99.711	0.148	0.141	99.579	0.243	0.178
99.775	0.096	0.130	99.540	0.131	0.329	99.287	0.403	0.310	99.717	0.147	0.136	99.584	0.241	0.175
99.775	0.095	0.131	99.537	0.131	0.332	99.289	0.403	0.308	99.715	0.147	0.138	99.584	0.242	0.174
99.768	0.093	0.139	99.507	0.131	0.363	99.286	0.403	0.311	99.713	0.146	0.141	99.587	0.241	0.172
99.759	0.093	0.149	99.471	0.130	0.399	99.280	0.402	0.318	99.707	0.146	0.148	99.588	0.241	0.171
99.748	0.093	0.160	99.424	0.130	0.445	99.262	0.404	0.334	99.696	0.146	0.159	99.587	0.240	0.174
99.733	0.093	0.174	99.367	0.131	0.501	99.239	0.412	0.349	99.686	0.146	0.169	99.585	0.239	0.176
99.706	0.093	0.201	99.317	0.132	0.551	99.225	0.417	0.358	99.672	0.146	0.182	99.583	0.238	0.179
99.681	0.094	0.226	99.273	0.135	0.592	99.209	0.426	0.365	99.649	0.146	0.205	99.579	0.238	0.183
99.630	0.097	0.273	99.220	0.137	0.643	99.178	0.434	0.388	99.613	0.147	0.240	99.561	0.244	0.195
99.532	0.100	0.369	99.108	0.142	0.750	99.098	0.440	0.463	99.568	0.148	0.284	99.549	0.240	0.211
99.424	0.107	0.469	98.973	0.159	0.867	98.972	0.447	0.582	99.497	0.151	0.352	99.513	0.246	0.241
99.338	0.119	0.542	98.872	0.187	0.941	98.842	0.457	0.701	99.444	0.158	0.398	99.511	0.237	0.252
99.274	0.130	0.596	98.761	0.221	1.018	98.710	0.473	0.817	99.391	0.168	0.441	99.463	0.252	0.286
99.186	0.144	0.670	98.639	0.256	1.105	98.603	0.485	0.912	99.315	0.177	0.508	99.438	0.253	0.309
eta factor for channels 1,2,3,4,5,6,7,8,9-14, and 15
0.01 0.08 0.03 0.04 0.04 0.03 0.03 0.04 0.04 0.11
