98.777  0.314   0.909   99.377  0.130   0.493   98.880  0.287   0.834   99.225  0.128   0.647   99.053  0.192   0.755
98.866  0.272   0.862   99.432  0.108   0.460   98.975  0.273   0.752   99.307  0.124   0.569   99.127  0.165   0.708
98.960  0.229   0.811   99.482  0.099   0.420   99.055  0.239   0.707   99.367  0.117   0.516   99.199  0.142   0.659
99.067  0.206   0.727   99.520  0.090   0.390   99.145  0.227   0.628   99.438  0.109   0.453   99.276  0.130   0.595
99.154  0.181   0.665   99.547  0.078   0.375   99.275  0.207   0.517   99.520  0.099   0.381   99.383  0.119   0.498
99.217  0.164   0.618   99.570  0.073   0.358   99.431  0.204   0.365   99.612  0.097   0.291   99.500  0.111   0.389
99.260  0.147   0.593   99.600  0.066   0.334   99.486  0.185   0.329   99.677  0.094   0.229   99.557  0.108   0.336
99.308  0.131   0.561   99.615  0.063   0.322   99.504  0.149   0.347   99.699  0.094   0.207   99.583  0.106   0.311
99.380  0.117   0.503   99.653  0.060   0.287   99.526  0.140   0.334   99.715  0.094   0.190   99.594  0.105   0.302
99.417  0.112   0.470   99.672  0.060   0.269   99.539  0.138   0.324   99.718  0.094   0.188   99.607  0.101   0.292
99.472  0.110   0.418   99.680  0.058   0.262   99.555  0.131   0.314   99.714  0.095   0.191   99.625  0.095   0.280
99.491  0.109   0.400   99.676  0.056   0.268   99.566  0.132   0.302   99.710  0.096   0.194   99.636  0.093   0.271
99.507  0.109   0.384   99.677  0.058   0.264   99.563  0.131   0.305   99.712  0.098   0.190   99.635  0.094   0.271
99.521  0.108   0.371   99.675  0.064   0.261   99.574  0.131   0.296   99.710  0.100   0.190   99.633  0.095   0.272
99.523  0.111   0.366   99.664  0.067   0.269   99.566  0.133   0.300   99.706  0.104   0.191   99.628  0.097   0.275
99.527  0.109   0.364   99.656  0.069   0.275   99.580  0.135   0.285   99.690  0.105   0.205   99.626  0.099   0.275
99.536  0.105   0.359   99.655  0.070   0.275   99.590  0.135   0.275   99.643  0.105   0.252   99.616  0.100   0.285
99.541  0.105   0.354   99.652  0.072   0.276   99.589  0.137   0.275   99.616  0.107   0.277   99.608  0.101   0.291
99.525  0.109   0.366   99.645  0.075   0.280   99.592  0.138   0.269   99.601  0.112   0.287   99.606  0.103   0.291
99.504  0.115   0.381   99.632  0.081   0.288   99.586  0.145   0.269   99.587  0.120   0.294   99.599  0.108   0.294
99.454  0.121   0.424   99.611  0.086   0.303   99.565  0.160   0.275   99.570  0.131   0.299   99.578  0.116   0.307
99.410  0.129   0.462   99.594  0.091   0.315   99.524  0.171   0.304   99.540  0.140   0.319   99.555  0.126   0.319
99.353  0.135   0.511   99.567  0.098   0.335   99.503  0.180   0.317   99.523  0.147   0.329   99.539  0.141   0.320
99.260  0.146   0.594   99.529  0.110   0.361   99.470  0.191   0.339   99.500  0.155   0.345   99.519  0.150   0.331
99.170  0.158   0.672   99.486  0.118   0.396   99.372  0.215   0.413   99.453  0.180   0.367   99.465  0.162   0.373
99.090  0.172   0.738   99.435  0.128   0.438   99.190  0.230   0.580   99.350  0.213   0.438   99.342  0.176   0.483
98.995  0.189   0.816   99.386  0.141   0.473   99.046  0.241   0.712   99.231  0.232   0.537   99.214  0.186   0.600
98.908  0.211   0.881   99.337  0.157   0.506   98.924  0.255   0.821   99.148  0.251   0.601   99.099  0.199   0.703
98.805  0.245   0.950   99.283  0.183   0.535   98.817  0.274   0.909   99.072  0.273   0.654   98.997  0.223   0.781
98.683  0.286   1.031   99.225  0.205   0.570   98.713  0.310   0.977   98.997  0.297   0.706   98.900  0.242   0.859
99.215  0.173   0.612   99.138  0.202   0.660   99.088  0.179   0.733   99.027  0.323   0.650   99.526  0.225   0.249
99.302  0.161   0.537   99.208  0.183   0.609   99.174  0.158   0.668   99.094  0.308   0.598   99.541  0.225   0.234
99.383  0.149   0.468   99.270  0.168   0.563   99.258  0.142   0.600   99.162  0.290   0.548   99.559  0.224   0.217
99.449  0.134   0.417   99.343  0.158   0.499   99.340  0.133   0.528   99.217  0.281   0.502   99.573  0.224   0.204
99.535  0.118   0.347   99.418  0.145   0.438   99.467  0.128   0.405   99.290  0.276   0.434   99.591  0.224   0.185
99.606  0.108   0.286   99.494  0.135   0.371   99.558  0.123   0.319   99.368  0.267   0.366   99.612  0.227   0.162
99.637  0.099   0.264   99.533  0.126   0.342   99.592  0.115   0.293   99.392  0.250   0.357   99.619  0.228   0.152
99.650  0.091   0.258   99.562  0.114   0.324   99.606  0.113   0.280   99.407  0.241   0.352   99.620  0.229   0.150
99.660  0.086   0.254   99.589  0.107   0.304   99.626  0.110   0.263   99.409  0.241   0.350   99.618  0.231   0.150
99.671  0.085   0.244   99.614  0.103   0.283   99.650  0.109   0.241   99.414  0.238   0.348   99.618  0.233   0.149
99.682  0.086   0.232   99.634  0.101   0.265   99.669  0.109   0.222   99.429  0.237   0.334   99.616  0.235   0.149
99.691  0.089   0.221   99.644  0.102   0.255   99.675  0.110   0.215   99.425  0.240   0.335   99.611  0.240   0.150
99.698  0.091   0.211   99.648  0.105   0.247   99.676  0.111   0.213   99.423  0.244   0.332   99.607  0.244   0.149
99.691  0.097   0.212   99.650  0.112   0.237   99.673  0.112   0.215   99.422  0.249   0.329   99.601  0.250   0.148
99.683  0.099   0.218   99.633  0.116   0.251   99.671  0.115   0.214   99.426  0.255   0.319   99.592  0.256   0.152
99.682  0.100   0.218   99.630  0.119   0.251   99.670  0.118   0.212   99.432  0.259   0.310   99.590  0.258   0.152
99.691  0.102   0.207   99.624  0.121   0.255   99.672  0.120   0.208   99.425  0.259   0.316   99.592  0.257   0.151
99.679  0.105   0.216   99.620  0.123   0.257   99.673  0.123   0.204   99.423  0.262   0.316   99.591  0.258   0.151
99.664  0.108   0.228   99.618  0.127   0.254   99.663  0.126   0.211   99.418  0.265   0.317   99.590  0.258   0.152
99.645  0.109   0.246   99.608  0.133   0.260   99.656  0.130   0.213   99.409  0.273   0.318   99.589  0.258   0.153
99.623  0.113   0.264   99.593  0.137   0.269   99.646  0.139   0.216   99.383  0.288   0.329   99.586  0.259   0.155
99.598  0.124   0.278   99.576  0.143   0.281   99.625  0.145   0.230   99.362  0.300   0.337   99.582  0.261   0.157
99.578  0.140   0.282   99.550  0.153   0.296   99.606  0.151   0.243   99.342  0.309   0.349   99.575  0.262   0.164
99.557  0.157   0.287   99.516  0.173   0.311   99.585  0.158   0.257   99.298  0.322   0.380   99.566  0.264   0.170
99.525  0.167   0.308   99.468  0.190   0.342   99.552  0.163   0.284   99.243  0.338   0.419   99.559  0.265   0.176
99.449  0.177   0.373   99.407  0.204   0.389   99.471  0.168   0.361   99.152  0.349   0.499   99.542  0.266   0.192
99.352  0.193   0.455   99.345  0.218   0.438   99.364  0.176   0.460   99.059  0.358   0.583   99.516  0.268   0.216
99.272  0.205   0.522   99.295  0.231   0.474   99.266  0.186   0.547   98.972  0.370   0.658   99.498  0.270   0.232
99.200  0.228   0.573   99.243  0.248   0.509   99.169  0.195   0.636   98.890  0.390   0.721   99.479  0.273   0.248
99.107  0.247   0.646   99.174  0.264   0.562   99.080  0.210   0.710   98.800  0.403   0.797   99.442  0.274   0.284
eta factor for channels 1,2,3,4,5,6,7,8,9-14, and 15
0.02 0.08 0.03 0.04 0.04 0.03 0.05 0.06 0.03 0.10